[bg-1.jpg]
filters=finetune2=1,0.000000,0.000000,0.000000,00000000,0.204678;Vignette=1,31.286549,2.000000,0.000000,00000000;
moddate=757c6cdf4f1ad601
width=3353
height=2514
textactive=0
